PID: 6114 - 2025-06-10 10:28:33.803290
PID: 6115 - 2025-06-10 10:28:33.804002
PID: 6116 - 2025-06-10 10:28:33.804681
PID: 6117 - 2025-06-10 10:28:33.805234
